# oST version 5.0 parameters


[image]

width
752

height
480

[narrow_stereo/left]

camera matrix
398.161595 0.000000 344.618763
0.000000 399.365753 227.165917
0.000000 0.000000 1.000000

distortion
-0.371210 0.097504 -0.000578 -0.002822 0.000000

rectification
0.987736 0.003645 0.156088
-0.004153 0.999987 0.002932
-0.156075 -0.003544 0.987739

projection
370.666965 0.000000 239.414341 0.000000
0.000000 370.666965 223.574171 0.000000
0.000000 0.000000 1.000000 0.000000

# oST version 5.0 parameters


[image]

width
752

height
480

[narrow_stereo/right]

camera matrix
403.596136 0.000000 388.744441
0.000000 406.056956 213.950807
0.000000 0.000000 1.000000

distortion
-0.369993 0.094813 0.000831 -0.005688 0.000000

rectification
0.981902 0.002083 0.189377
-0.001465 0.999993 -0.003403
-0.189383 0.003064 0.981899

projection
370.666965 0.000000 239.414341 49.368071
0.000000 370.666965 223.574171 0.000000
0.000000 0.000000 1.000000 0.000000

