# oST version 5.0 parameters


[image]

width
640

height
480

[narrow_stereo]

camera matrix
555.766763 0.000000 325.637488
0.000000 557.336904 233.750492
0.000000 0.000000 1.000000

distortion
0.046850 -0.138422 0.000662 0.002974 0.000000

rectification
1.000000 0.000000 0.000000
0.000000 1.000000 0.000000
0.000000 0.000000 1.000000

projection
554.914429 0.000000 326.992505 0.000000
0.000000 558.755432 233.452920 0.000000
0.000000 0.000000 1.000000 0.000000

